2019	1	1	10000 	10000 					
2019	2	7	0 	10000 					
2019	2	7	44 	10044 					
2019	2	8	0 	10044 					
2019	2	8	29 	10074 					
2019	2	8	0 	10074 					
2019	2	8	-321 	9752 					
2019	2	11	0 	9752 					
2019	2	11	36 	9788 					
2019	2	12	0 	9788 					
2019	2	12	21 	9809 					
2019	2	14	0 	9809 					
2019	2	14	27 	9836 					
2019	2	18	0 	9836 					
2019	2	18	14 	9850 					
2019	2	19	0 	9850 					
2019	2	19	27 	9877 					
2019	2	20	0 	9877 					
2019	2	20	-176 	9701 					
2019	2	21	0 	9701 					
2019	2	21	36 	9737 					
2019	2	27	0 	9737 					
2019	2	27	-84 	9653 					
2019	2	28	0 	9653 					
2019	2	28	25 	9678 					
2019	3	1	0 	9678 					
2019	3	1	-25 	9653 					
2019	3	6	0 	9653 					
2019	3	6	17 	9670 					
2019	3	11	0 	9670 					
2019	3	11	9 	9679 					
2019	3	13	0 	9679 					
2019	3	13	7 	9687 					
2019	3	15	0 	9687 					
2019	3	15	23 	9710 					
2019	3	18	0 	9710 					
2019	3	18	13 	9723 					
2019	3	18	0 	9723 					
2019	3	18	16 	9740 					
2019	3	20	0 	9740 					
2019	3	20	25 	9765 					
2019	3	21	0 	9765 					
2019	3	21	-248 	9517 					
2019	3	21	0 	9517 					
2019	3	21	31 	9547 					
2019	3	26	0 	9547 					
2019	3	26	29 	9577 					
2019	3	28	0 	9577 					
2019	3	28	32 	9608 					
2019	3	28	0 	9608 					
2019	3	28	-80 	9528 					
2019	4	1	0 	9528 					
2019	4	1	19 	9547 					
2019	4	2	0 	9547 					
2019	4	2	32 	9579 					
2019	4	3	0 	9579 					
2019	4	3	1 	9580 					
2019	4	4	0 	9580 					
2019	4	4	23 	9603 					
2019	4	9	0 	9603 					
2019	4	9	23 	9626 					
2019	4	9	0 	9626 					
2019	4	9	26 	9652 					
2019	4	11	0 	9652 					
2019	4	11	30 	9682 					
2019	4	12	0 	9682 					
2019	4	12	46 	9728 					
2019	4	16	0 	9728 					
2019	4	16	52 	9780 					
2019	4	17	0 	9780 					
2019	4	17	-151 	9629 					
2019	4	22	0 	9629 					
2019	4	22	21 	9650 					
2019	4	23	0 	9650 					
2019	4	23	34 	9684 					
2019	4	24	0 	9684 					
2019	4	24	32 	9716 					
2019	4	25	0 	9716 					
2019	4	25	23 	9739 					
2019	5	2	0 	9739 					
2019	5	2	23 	9762 					
2019	5	6	0 	9762 					
2019	5	6	32 	9795 					
2019	5	7	0 	9795 					
2019	5	7	-283 	9511 					
2019	5	8	0 	9511 					
2019	5	8	-135 	9377 					
2019	5	9	0 	9377 					
2019	5	9	26 	9402 					
2019	5	9	0 	9402 					
2019	5	9	26 	9428 					
2019	5	10	0 	9428 					
2019	5	10	35 	9464 					
2019	5	10	0 	9464 					
2019	5	10	37 	9501 					
2019	5	15	0 	9501 					
2019	5	15	46 	9547 					
2019	5	17	0 	9547 					
2019	5	17	36 	9583 					
2019	5	17	0 	9583 					
2019	5	17	37 	9620 					
2019	5	21	0 	9620 					
2019	5	21	20 	9640 					
2019	5	23	0 	9640 					
2019	5	23	-126 	9515 					
2019	5	23	0 	9515 					
2019	5	23	-118 	9397 					
2019	5	27	0 	9397 					
2019	5	27	26 	9423 					
2019	5	27	0 	9423 					
2019	5	27	-49 	9374 					
2019	5	28	0 	9374 					
2019	5	28	14 	9388 					
2019	5	30	0 	9388 					
2019	5	30	27 	9415 					
2019	5	31	0 	9415 					
2019	5	31	18 	9433 					
2019	6	4	0 	9433 					
2019	6	4	-8 	9425 					
2019	6	6	0 	9425 					
2019	6	6	26 	9451 					
2019	6	7	0 	9451 					
2019	6	7	27 	9478 					
2019	6	10	0 	9478 					
2019	6	10	-52 	9426 					
2019	6	12	0 	9426 					
2019	6	12	39 	9464 					
2019	6	14	0 	9464 					
2019	6	14	25 	9489 					
2019	6	18	0 	9489 					
2019	6	18	17 	9506 					
2019	6	21	0 	9506 					
2019	6	21	19 	9525 					
2019	6	21	0 	9525 					
2019	6	21	11 	9536 					
2019	6	25	0 	9536 					
2019	6	25	16 	9552 					
2019	6	26	0 	9552 					
2019	6	26	27 	9579 					
2019	6	27	0 	9579 					
2019	6	27	34 	9614 					
2019	7	1	0 	9614 					
2019	7	1	29 	9643 					
2019	7	3	0 	9643 					
2019	7	3	37 	9679 					
2019	7	4	0 	9679 					
2019	7	4	18 	9697 					
2019	7	5	0 	9697 					
2019	7	5	15 	9712 					
2019	7	10	0 	9712 					
2019	7	10	14 	9725 					
2019	7	12	0 	9725 					
2019	7	12	20 	9746 					
2019	7	17	0 	9746 					
2019	7	17	11 	9757 					
2019	7	19	0 	9757 					
2019	7	19	14 	9771 					
2019	7	23	0 	9771 					
2019	7	23	22 	9794 					
2019	7	24	0 	9794 					
2019	7	24	-96 	9698 					
2019	7	24	0 	9698 					
2019	7	24	10 	9707 					
2019	7	25	0 	9707 					
2019	7	25	54 	9761 					
2019	7	25	0 	9761 					
2019	7	25	31 	9792 					
2019	7	30	0 	9792 					
2019	7	30	18 	9810 					
2019	7	31	0 	9810 					
2019	7	31	24 	9834 					
2019	8	1	0 	9834 					
2019	8	1	19 	9854 					
2019	8	1	0 	9854 					
2019	8	1	47 	9901 					
2019	8	5	0 	9901 					
2019	8	5	39 	9940 					
2019	8	6	0 	9940 					
2019	8	6	32 	9972 					
2019	8	7	0 	9972 					
2019	8	7	41 	10013 					
2019	8	12	0 	10013 					
2019	8	12	33 	10046 					
2019	8	13	0 	10046 					
2019	8	13	26 	10072 					
2019	8	14	0 	10072 					
2019	8	14	18 	10090 					
2019	8	14	0 	10090 					
2019	8	14	24 	10114 					
2019	8	15	0 	10114 					
2019	8	15	36 	10150 					
2019	8	15	0 	10150 					
2019	8	15	-12 	10138 					
2019	8	19	0 	10138 					
2019	8	19	32 	10170 					
2019	8	22	0 	10170 					
2019	8	22	19 	10189 					
2019	8	23	0 	10189 					
2019	8	23	36 	10225 					
2019	8	26	0 	10225 					
2019	8	26	20 	10244 					
2019	8	27	0 	10244 					
2019	8	27	48 	10292 					
2019	9	3	0 	10292 					
2019	9	3	20 	10312 					
2019	9	5	0 	10312 					
2019	9	5	31 	10343 					
2019	9	9	0 	10343 					
2019	9	9	-156 	10187 					
2019	9	10	0 	10187 					
2019	9	10	12 	10199 					
2019	9	11	0 	10199 					
2019	9	11	19 	10218 					
2019	9	13	0 	10218 					
2019	9	13	15 	10234 					
2019	9	17	0 	10234 					
2019	9	17	13 	10246 					
2019	9	19	0 	10246 					
2019	9	19	42 	10288 					
2019	9	24	0 	10288 					
2019	9	24	25 	10313 					
2019	9	25	0 	10313 					
2019	9	25	22 	10335 					
2019	9	27	0 	10335 					
2019	9	27	15 	10350 					
2019	10	2	0 	10350 					
2019	10	2	20 	10370 					
2019	10	2	0 	10370 					
2019	10	2	19 	10389 					
2019	10	7	0 	10389 					
2019	10	7	23 	10412 					
2019	10	9	0 	10412 					
2019	10	9	-74 	10337 					
2019	10	10	0 	10337 					
2019	10	10	-142 	10195 					
2019	10	14	0 	10195 					
2019	10	14	16 	10211 					
2019	10	15	0 	10211 					
2019	10	15	16 	10227 					
2019	10	16	0 	10227 					
2019	10	16	33 	10261 					
2019	10	21	0 	10261 					
2019	10	21	13 	10274 					
2019	10	22	0 	10274 					
2019	10	22	29 	10303 					
2019	10	24	0 	10303 					
2019	10	24	18 	10321 					
2019	10	31	0 	10321 					
2019	10	31	34 	10355 					
2019	11	6	0 	10355 					
2019	11	6	25 	10380 					
2019	11	8	0 	10380 					
2019	11	8	34 	10413 					
2019	11	12	0 	10413 					
2019	11	12	24 	10438 					
2019	11	19	0 	10438 					
2019	11	19	26 	10464 					
2019	11	22	0 	10464 					
2019	11	22	20 	10483 					
2019	11	26	0 	10483 					
2019	11	26	30 	10513 					
2019	11	26	0 	10513 					
2019	11	26	19 	10532 					
2019	11	27	0 	10532 					
2019	11	27	-191 	10342 					
2019	12	2	0 	10342 					
2019	12	2	22 	10364 					
2019	12	3	0 	10364 					
2019	12	3	11 	10374 					
2019	12	4	0 	10374 					
2019	12	4	9 	10383 					
2019	12	5	0 	10383 					
2019	12	5	14 	10397 					
2019	12	10	0 	10397 					
2019	12	10	-71 	10326 					
2019	12	12	0 	10326 					
2019	12	12	12 	10338 					
2019	12	16	0 	10338 					
2019	12	16	15 	10353 					
2019	12	18	0 	10353 					
2019	12	18	11 	10364 					
2019	12	19	0 	10364 					
2019	12	19	20 	10383 					
2019	12	26	0 	10383 					
2019	12	26	7 	10390 					
2019	12	27	0 	10390 					
2019	12	27	24 	10415 					
2019	12	27	0 	10415 					
2019	12	27	22 	10437 					
2020	1	2	0 	10437 					
2020	1	2	16 	10454 					
2020	1	6	0 	10454 					
2020	1	6	33 	10486 					
2020	1	6	0 	10486 					
2020	1	6	-145 	10342 					
2020	1	10	0 	10342 					
2020	1	10	13 	10355 					
2020	1	13	0 	10355 					
2020	1	13	23 	10378 					
2020	1	13	0 	10378 					
2020	1	13	13 	10391 					
2020	1	15	0 	10391 					
2020	1	15	24 	10414 					
2020	1	16	0 	10414 					
2020	1	16	-37 	10378 					
2020	1	17	0 	10378 					
2020	1	17	22 	10399 					
2020	1	21	0 	10399 					
2020	1	21	26 	10426 					
2020	1	23	0 	10426 					
2020	1	23	19 	10445 					
2020	1	23	0 	10445 					
2020	1	23	25 	10470 					
2020	1	24	0 	10470 					
2020	1	24	25 	10495 					
2020	1	27	0 	10495 					
2020	1	27	37 	10533 					
2020	1	27	0 	10533 					
2020	1	27	17 	10550 					
2020	1	28	0 	10550 					
2020	1	28	38 	10588 					
2020	1	30	0 	10588 					
2020	1	30	29 	10617 					
2020	1	31	0 	10617 					
2020	1	31	25 	10642 					
2020	1	31	0 	10642 					
2020	1	31	21 	10663 					
2020	2	3	0 	10663 					
2020	2	3	25 	10687 					
2020	2	4	0 	10687 					
2020	2	4	28 	10716 					
2020	2	5	0 	10716 					
2020	2	5	32 	10747 					
2020	2	5	0 	10747 					
2020	2	5	15 	10762 					
2020	2	6	0 	10762 					
2020	2	6	29 	10791 					
2020	2	11	0 	10791 					
2020	2	11	25 	10816 					
2020	2	12	0 	10816 					
2020	2	12	-126 	10690 					
2020	2	13	0 	10690 					
2020	2	13	42 	10732 					
2020	2	14	0 	10732 					
2020	2	14	20 	10752 					
2020	2	18	0 	10752 					
2020	2	18	20 	10773 					
2020	2	19	0 	10773 					
2020	2	19	23 	10795 					
2020	2	20	0 	10795 					
2020	2	20	26 	10821 					
2020	2	21	0 	10821 					
2020	2	21	28 	10850 					
2020	2	27	0 	10850 					
2020	2	27	-250 	10599 					
2020	3	2	0 	10599 					
2020	3	2	34 	10634 					
2020	3	3	0 	10634 					
2020	3	3	66 	10700 					
2020	3	5	0 	10700 					
2020	3	5	47 	10747 					
2020	3	9	0 	10747 					
2020	3	9	73 	10820 					
2020	3	11	0 	10820 					
2020	3	11	-40 	10780 					
2020	3	13	0 	10780 					
2020	3	13	-413 	10367 					
2020	3	13	0 	10367 					
2020	3	13	103 	10470 					
2020	3	16	0 	10470 					
2020	3	16	230 	10700 					
2020	3	16	0 	10700 					
2020	3	16	96 	10796 					
2020	3	17	0 	10796 					
2020	3	17	130 	10926 					
2020	3	18	0 	10926 					
2020	3	18	-245 	10681 					
2020	3	19	0 	10681 					
2020	3	19	120 	10801 					
2020	3	20	0 	10801 					
2020	3	20	106 	10906 					
2020	3	20	0 	10906 					
2020	3	20	102 	11009 					
2020	3	24	0 	11009 					
2020	3	24	-187 	10822 					
2020	3	25	0 	10822 					
2020	3	25	84 	10905 					
2020	3	26	0 	10905 					
2020	3	26	83 	10988 					
2020	3	27	0 	10988 					
2020	3	27	69 	11057 					
2020	3	31	0 	11057 					
2020	3	31	29 	11086 					
2020	4	2	0 	11086 					
2020	4	2	-15 	11071 					
2020	4	3	0 	11071 					
2020	4	3	72 	11144 					
2020	4	6	0 	11144 					
2020	4	6	34 	11178 					
2020	4	7	0 	11178 					
2020	4	7	78 	11256 					
2020	4	9	0 	11256 					
2020	4	9	49 	11305 					
2020	4	14	0 	11305 					
2020	4	14	39 	11344 					
2020	4	15	0 	11344 					
2020	4	15	48 	11392 					
2020	4	17	0 	11392 					
2020	4	17	35 	11427 					
2020	4	20	0 	11427 					
2020	4	20	27 	11454 					
2020	4	22	0 	11454 					
2020	4	22	46 	11500 					
2020	4	24	0 	11500 					
2020	4	24	158 	11659 					
2020	4	28	0 	11659 					
2020	4	28	60 	11719 					
2020	4	30	0 	11719 					
2020	4	30	46 	11765 					
2020	4	30	0 	11765 					
2020	4	30	33 	11798 					
2020	5	8	0 	11798 					
2020	5	8	17 	11815 					
2020	5	13	0 	11815 					
2020	5	13	29 	11844 					
2020	5	14	0 	11844 					
2020	5	14	53 	11897 					
2020	5	18	0 	11897 					
2020	5	18	44 	11940 					
2020	5	18	0 	11940 					
2020	5	18	25 	11966 					
2020	5	21	0 	11966 					
2020	5	21	50 	12016 					
2020	5	25	0 	12016 					
2020	5	25	22 	12038 					
2020	5	26	0 	12038 					
2020	5	26	35 	12073 					
2020	6	2	0 	12073 					
2020	6	2	25 	12098 					
2020	6	3	0 	12098 					
2020	6	3	38 	12136 					
2020	6	5	0 	12136 					
2020	6	5	66 	12202 					
2020	6	8	0 	12202 					
2020	6	8	29 	12231 					
2020	6	8	0 	12231 					
2020	6	8	26 	12257 					
2020	6	10	0 	12257 					
2020	6	10	55 	12312 					
2020	6	15	0 	12312 					
2020	6	15	59 	12371 					
2020	6	17	0 	12371 					
2020	6	17	48 	12419 					
2020	6	18	0 	12419 					
2020	6	18	51 	12470 					
2020	6	23	0 	12470 					
2020	6	23	22 	12492 					
2020	6	24	0 	12492 					
2020	6	24	43 	12535 					
2020	6	26	0 	12535 					
2020	6	26	28 	12562 					
2020	6	29	0 	12562 					
2020	6	29	23 	12585 					
2020	7	1	0 	12585 					
2020	7	1	45 	12631 					
2020	7	6	0 	12631 					
2020	7	6	-142 	12489 					
2020	7	8	0 	12489 					
2020	7	8	45 	12533 					
2020	7	10	0 	12533 					
2020	7	10	21 	12555 					
2020	7	14	0 	12555 					
2020	7	14	27 	12582 					
2020	7	15	0 	12582 					
2020	7	15	15 	12597 					
2020	7	17	0 	12597 					
2020	7	17	30 	12627 					
2020	7	17	0 	12627 					
2020	7	17	20 	12646 					
2020	7	20	0 	12646 					
2020	7	20	15 	12662 					
2020	7	22	0 	12662 					
2020	7	22	25 	12686 					
2020	7	29	0 	12686 					
2020	7	29	21 	12708 					
2020	7	30	0 	12708 					
2020	7	30	19 	12727 					
2020	7	31	0 	12727 					
2020	7	31	31 	12758 					
2020	8	4	0 	12758 					
2020	8	4	68 	12826 					
2020	8	5	0 	12826 					
2020	8	5	-112 	12714 					
2020	8	12	0 	12714 					
2020	8	12	48 	12761 					
2020	8	17	0 	12761 					
2020	8	17	-156 	12605 					
2020	8	18	0 	12605 					
2020	8	18	50 	12655 					
2020	8	18	0 	12655 					
2020	8	18	-1 	12654 					
2020	8	20	0 	12654 					
2020	8	20	28 	12682 					
2020	8	26	0 	12682 					
2020	8	26	56 	12738 					
2020	8	28	0 	12738 					
2020	8	28	29 	12766 					
2020	8	31	0 	12766 					
2020	8	31	27 	12794 					
2020	9	1	0 	12794 					
2020	9	1	28 	12822 					
2020	9	2	0 	12822 					
2020	9	2	28 	12849 					
2020	9	3	0 	12849 					
2020	9	3	45 	12895 					
2020	9	4	0 	12895 					
2020	9	4	-354 	12541 					
2020	9	4	0 	12541 					
2020	9	4	4 	12545 					
2020	9	8	0 	12545 					
2020	9	8	33 	12577 					
2020	9	14	0 	12577 					
2020	9	14	-31 	12546 					
2020	9	17	0 	12546 					
2020	9	17	16 	12562 					
2020	9	17	0 	12562 					
2020	9	17	24 	12587 					
2020	9	18	0 	12587 					
2020	9	18	39 	12626 					
2020	9	23	0 	12626 					
2020	9	23	-181 	12445 					
2020	9	24	0 	12445 					
2020	9	24	-169 	12276 					
2020	9	25	0 	12276 					
2020	9	25	33 	12309 					
2020	9	28	0 	12309 					
2020	9	28	76 	12385 					
2020	9	29	0 	12385 					
2020	9	29	33 	12418 					
2020	10	1	0 	12418 					
2020	10	1	30 	12448 					
2020	10	5	0 	12448 					
2020	10	5	24 	12472 					
2020	10	8	0 	12472 					
2020	10	8	21 	12493 					
2020	10	8	0 	12493 					
2020	10	8	22 	12516 					
2020	10	9	0 	12516 					
2020	10	9	26 	12542 					
2020	10	14	0 	12542 					
2020	10	14	40 	12582 					
2020	10	15	0 	12582 					
2020	10	15	25 	12607 					
2020	10	19	0 	12607 					
2020	10	19	24 	12632 					
2020	10	20	0 	12632 					
2020	10	20	17 	12648 					
2020	10	22	0 	12648 					
2020	10	22	11 	12660 					
2020	10	26	0 	12660 					
2020	10	26	-112 	12548 					
2020	10	26	0 	12548 					
2020	10	26	-161 	12387 					
2020	10	27	0 	12387 					
2020	10	27	17 	12404 					
2020	10	28	0 	12404 					
2020	10	28	38 	12442 					
2020	10	29	0 	12442 					
2020	10	29	25 	12467 					
2020	10	30	0 	12467 					
2020	10	30	35 	12502 					
2020	11	4	0 	12502 					
2020	11	4	33 	12535 					
2020	11	4	0 	12535 					
2020	11	4	23 	12558 					
2020	11	5	0 	12558 					
2020	11	5	28 	12586 					
2020	11	9	0 	12586 					
2020	11	9	-67 	12519 					
2020	11	10	0 	12519 					
2020	11	10	21 	12540 					
2020	11	10	0 	12540 					
2020	11	10	17 	12557 					
2020	11	12	0 	12557 					
2020	11	12	27 	12584 					
2020	11	12	0 	12584 					
2020	11	12	24 	12608 					
2020	11	13	0 	12608 					
2020	11	13	-11 	12597 					
2020	11	17	0 	12597 					
2020	11	17	25 	12623 					
2020	11	18	0 	12623 					
2020	11	18	21 	12643 					
2020	11	24	0 	12643 					
2020	11	24	14 	12658 					
2020	11	27	0 	12658 					
2020	11	27	23 	12681 					
2020	12	1	0 	12681 					
2020	12	1	42 	12723 					
2020	12	3	0 	12723 					
2020	12	3	22 	12745 					
2020	12	8	0 	12745 					
2020	12	8	28 	12774 					
2020	12	8	0 	12774 					
2020	12	8	-70 	12704 					
2020	12	10	0 	12704 					
2020	12	10	25 	12729 					
2020	12	10	0 	12729 					
2020	12	10	18 	12747 					
2020	12	15	0 	12747 					
2020	12	15	14 	12761 					
2020	12	21	0 	12761 					
2020	12	21	61 	12822 					
2020	12	21	0 	12822 					
2020	12	21	-153 	12669 					
2020	12	23	0 	12669 					
2020	12	23	20 	12689 					
2020	12	23	0 	12689 					
2020	12	23	-100 	12590 					
2020	12	28	0 	12590 					
2020	12	28	16 	12605 					
2020	12	30	0 	12605 					
2020	12	30	-146 	12460 					
2020	12	30	0 	12460 					
2020	12	30	14 	12474 					
2021	1	4	0 	12474 					
2021	1	4	-29 	12445 					
2021	1	5	0 	12445 					
2021	1	5	43 	12488 					
2021	1	5	0 	12488 					
2021	1	5	-32 	12457 					
2021	1	6	0 	12457 					
2021	1	6	21 	12478 					
2021	1	7	0 	12478 					
2021	1	7	22 	12500 					
2021	1	13	0 	12500 					
2021	1	13	38 	12537 					
2021	1	14	0 	12537 					
2021	1	14	29 	12566 					
2021	1	15	0 	12566 					
2021	1	15	52 	12618 					
2021	1	18	0 	12618 					
2021	1	18	36 	12654 					
2021	1	19	0 	12654 					
2021	1	19	62 	12716 					
2021	1	20	0 	12716 					
2021	1	20	-76 	12640 					
2021	1	21	0 	12640 					
2021	1	21	37 	12677 					
2021	1	22	0 	12677 					
2021	1	22	41 	12718 					
2021	1	26	0 	12718 					
2021	1	26	-220 	12498 					
2021	1	26	0 	12498 					
2021	1	26	39 	12537 					
2021	1	28	0 	12537 					
2021	1	28	25 	12561 					
2021	1	29	0 	12561 					
2021	1	29	39 	12600 					
2021	2	11	0 	12600 					
2021	2	11	33 	12633 					
2021	2	12	0 	12633 					
2021	2	12	20 	12653 					
2021	2	17	0 	12653 					
2021	2	17	16 	12669 					
2021	2	18	0 	12669 					
2021	2	18	29 	12698 					
2021	2	19	0 	12698 					
2021	2	19	19 	12717 					
2021	2	22	0 	12717 					
2021	2	22	68 	12785 					
2021	2	22	0 	12785 					
2021	2	22	52 	12837 					
2021	2	23	0 	12837 					
2021	2	23	41 	12878 					
2021	2	25	0 	12878 					
2021	2	25	53 	12931 					
2021	3	2	0 	12931 					
2021	3	2	80 	13011 					
2021	3	3	0 	13011 					
2021	3	3	56 	13067 					
2021	3	3	0 	13067 					
2021	3	3	-340 	12727 					
2021	3	5	0 	12727 					
2021	3	5	31 	12758 					
2021	3	8	0 	12758 					
2021	3	8	49 	12807 					
2021	3	9	0 	12807 					
2021	3	9	41 	12848 					
2021	3	11	0 	12848 					
2021	3	11	28 	12876 					
2021	3	15	0 	12876 					
2021	3	15	26 	12901 					
2021	3	17	0 	12901 					
2021	3	17	42 	12943 					
2021	3	18	0 	12943 					
2021	3	18	-21 	12922 					
2021	3	22	0 	12922 					
2021	3	22	29 	12952 					
2021	3	24	0 	12952 					
2021	3	24	26 	12978 					
2021	3	25	0 	12978 					
2021	3	25	41 	13018 					
2021	3	26	0 	13018 					
2021	3	26	48 	13066 					
2021	3	30	0 	13066 					
2021	3	30	37 	13104 					
2021	3	31	0 	13104 					
2021	3	31	26 	13129 					
2021	4	1	0 	13129 					
2021	4	1	33 	13162 					
2021	4	5	0 	13162 					
2021	4	5	22 	13185 					
2021	4	7	0 	13185 					
2021	4	7	-242 	12943 					
2021	4	13	0 	12943 					
2021	4	13	12 	12954 					
2021	4	14	0 	12954 					
2021	4	14	12 	12966 					
2021	4	27	0 	12966 					
2021	4	27	19 	12985 					
2021	4	28	0 	12985 					
2021	4	28	13 	12998 					
2021	4	28	0 	12998 					
2021	4	28	14 	13013 					
2021	4	29	0 	13013 					
2021	4	29	23 	13036 					
2021	5	3	0 	13036 					
2021	5	3	25 	13060 					
2021	5	4	0 	13060 					
2021	5	4	24 	13085 					
2021	5	4	0 	13085 					
2021	5	4	19 	13104 					
2021	5	5	0 	13104 					
2021	5	5	11 	13115 					
2021	5	10	0 	13115 					
2021	5	10	-90 	13025 					
2021	5	12	0 	13025 					
2021	5	12	25 	13050 					
2021	5	13	0 	13050 					
2021	5	13	30 	13080 					
2021	5	14	0 	13080 					
2021	5	14	35 	13115 					
2021	5	17	0 	13115 					
2021	5	17	6 	13121 					
2021	5	18	0 	13121 					
2021	5	18	21 	13141 					
2021	5	21	0 	13141 					
2021	5	21	15 	13156 					
2021	5	24	0 	13156 					
2021	5	24	17 	13173 					
2021	5	25	0 	13173 					
2021	5	25	17 	13190 					
2021	5	25	0 	13190 					
2021	5	25	-34 	13156 					
2021	5	26	0 	13156 					
2021	5	26	18 	13174 					
2021	5	27	0 	13174 					
2021	5	27	16 	13191 					
2021	5	28	0 	13191 					
2021	5	28	14 	13205 					
2021	5	28	0 	13205 					
2021	5	28	14 	13219 					
2021	6	1	0 	13219 					
2021	6	1	22 	13240 					
2021	6	2	0 	13240 					
2021	6	2	17 	13257 					
2021	6	4	0 	13257 					
2021	6	4	12 	13269 					
2021	6	7	0 	13269 					
2021	6	7	-104 	13165 					
2021	6	11	0 	13165 					
2021	6	11	24 	13189 					
2021	6	14	0 	13189 					
2021	6	14	-149 	13041 					
2021	6	14	0 	13041 					
2021	6	14	25 	13065 					
2021	6	17	0 	13065 					
2021	6	17	41 	13107 					
2021	6	21	0 	13107 					
2021	6	21	20 	13127 					
2021	6	22	0 	13127 					
2021	6	22	28 	13154 					
2021	6	23	0 	13154 					
2021	6	23	24 	13178 					
2021	6	23	0 	13178 					
2021	6	23	28 	13206 					
2021	6	25	0 	13206 					
2021	6	25	27 	13233 					
2021	6	25	0 	13233 					
2021	6	25	45 	13278 					
2021	7	1	0 	13278 					
2021	7	1	29 	13308 					
2021	7	2	0 	13308 					
2021	7	2	17 	13325 					
2021	7	2	0 	13325 					
2021	7	2	18 	13343 					
2021	7	2	0 	13343 					
2021	7	2	17 	13360 					
2021	7	5	0 	13360 					
2021	7	5	23 	13383 					
2021	7	6	0 	13383 					
2021	7	6	27 	13410 					
2021	7	7	0 	13410 					
2021	7	7	26 	13436 					
2021	7	8	0 	13436 					
2021	7	8	-152 	13284 					
2021	7	12	0 	13284 					
2021	7	12	15 	13299 					
2021	7	13	0 	13299 					
2021	7	13	19 	13318 					
2021	7	15	0 	13318 					
2021	7	15	25 	13344 					
2021	7	15	0 	13344 					
2021	7	15	25 	13368 					
2021	7	16	0 	13368 					
2021	7	16	14 	13382 					
2021	7	20	0 	13382 					
2021	7	20	24 	13407 					
2021	7	23	0 	13407 					
2021	7	23	31 	13437 					
2021	7	26	0 	13437 					
2021	7	26	15 	13452 					
2021	7	27	0 	13452 					
2021	7	27	23 	13475 					
2021	7	27	0 	13475 					
2021	7	27	18 	13493 					
2021	7	28	0 	13493 					
2021	7	28	30 	13523 					
2021	7	29	0 	13523 					
2021	7	29	-31 	13492 					
2021	7	30	0 	13492 					
2021	7	30	20 	13512 					
2021	8	3	0 	13512 					
2021	8	3	32 	13544 					
2021	8	4	0 	13544 					
2021	8	4	45 	13589 					
2021	8	5	0 	13589 					
2021	8	5	37 	13626 					
2021	8	6	0 	13626 					
2021	8	6	-36 	13590 					
2021	8	11	0 	13590 					
2021	8	11	33 	13623 					
2021	8	11	0 	13623 					
2021	8	11	24 	13647 					
2021	8	12	0 	13647 					
2021	8	12	28 	13675 					
2021	8	16	0 	13675 					
2021	8	16	25 	13700 					
2021	8	17	0 	13700 					
2021	8	17	41 	13742 					
2021	8	19	0 	13742 					
2021	8	19	53 	13795 					
2021	8	20	0 	13795 					
2021	8	20	33 	13828 					
2021	8	24	0 	13828 					
2021	8	24	30 	13858 					
2021	8	26	0 	13858 					
2021	8	26	27 	13885 					
2021	8	31	0 	13885 					
2021	8	31	27 	13912 					
2021	9	2	0 	13912 					
2021	9	2	37 	13949 					
2021	9	3	0 	13949 					
2021	9	3	22 	13971 					
2021	9	6	0 	13971 					
2021	9	6	20 	13991 					
2021	9	13	0 	13991 					
2021	9	13	29 	14020 					
2021	9	15	0 	14020 					
2021	9	15	24 	14045 					
2021	9	17	0 	14045 					
2021	9	17	28 	14073 					
2021	9	20	0 	14073 					
2021	9	20	21 	14094 					
2021	9	21	0 	14094 					
2021	9	21	25 	14119 					
2021	9	22	0 	14119 					
2021	9	22	29 	14149 					
2021	9	22	0 	14149 					
2021	9	22	21 	14170 					
2021	9	23	0 	14170 					
2021	9	23	21 	14190 					
2021	9	28	0 	14190 					
2021	9	28	36 	14226 					
2021	9	28	0 	14226 					
2021	9	28	33 	14259 					
2021	10	1	0 	14259 					
2021	10	1	23 	14282 					
2021	10	4	0 	14282 					
2021	10	4	31 	14313 					
2021	10	5	0 	14313 					
2021	10	5	21 	14334 					
2021	10	8	0 	14334 					
2021	10	8	-188 	14146 					
2021	10	13	0 	14146 					
2021	10	13	32 	14178 					
2021	10	15	0 	14178 					
2021	10	15	20 	14197 					
2021	10	18	0 	14197 					
2021	10	18	39 	14237 					
2021	10	18	0 	14237 					
2021	10	18	22 	14258 					
2021	10	19	0 	14258 					
2021	10	19	36 	14295 					
2021	10	22	0 	14295 					
2021	10	22	87 	14382 					
2021	10	27	0 	14382 					
2021	10	27	30 	14412 					
2021	10	27	0 	14412 					
2021	10	27	11 	14423 					
2021	11	1	0 	14423 					
2021	11	1	24 	14447 					
2021	11	4	0 	14447 					
2021	11	4	35 	14482 					
2021	11	4	0 	14482 					
2021	11	4	51 	14534 					
2021	11	5	0 	14534 					
2021	11	5	50 	14584 					
2021	11	8	0 	14584 					
2021	11	8	40 	14624 					
2021	11	9	0 	14624 					
2021	11	9	37 	14661 					
2021	11	10	0 	14661 					
2021	11	10	28 	14689 					
2021	11	10	0 	14689 					
2021	11	10	-13 	14676 					
2021	11	11	0 	14676 					
2021	11	11	33 	14709 					
2021	11	12	0 	14709 					
2021	11	12	31 	14740 					
2021	11	16	0 	14740 					
2021	11	16	36 	14776 					
2021	11	22	0 	14776 					
2021	11	22	40 	14816 					
2021	11	24	0 	14816 					
2021	11	24	37 	14853 					
2021	11	25	0 	14853 					
2021	11	25	22 	14876 					
2021	11	26	0 	14876 					
2021	11	26	31 	14906 					
2021	11	30	0 	14906 					
2021	11	30	-181 	14725 					
2021	12	1	0 	14725 					
2021	12	1	50 	14775 					
2021	12	2	0 	14775 					
2021	12	2	39 	14813 					
2021	12	3	0 	14813 					
2021	12	3	60 	14874 					
2021	12	9	0 	14874 					
2021	12	9	27 	14901 					
2021	12	10	0 	14901 					
2021	12	10	38 	14939 					
2021	12	13	0 	14939 					
2021	12	13	35 	14974 					
2021	12	14	0 	14974 					
2021	12	14	24 	14998 					
2021	12	16	0 	14998 					
2021	12	16	31 	15029 					
2021	12	17	0 	15029 					
2021	12	17	25 	15054 					
2021	12	20	0 	15054 					
2021	12	20	30 	15085 					
2021	12	22	0 	15085 					
2021	12	22	25 	15110 					
2021	12	22	0 	15110 					
2021	12	22	12 	15122 					
2021	12	23	0 	15122 					
2021	12	23	17 	15139 					
2021	12	28	0 	15139 					
2021	12	28	33 	15172 					
2021	12	30	0 	15172 					
2021	12	30	13 	15185 					
2022	1	3	0 	15185 					
2022	1	3	58 	15243 					
2022	1	4	0 	15243 					
2022	1	4	34 	15277 					
2022	1	5	0 	15277 					
2022	1	5	25 	15303 					
2022	1	11	0 	15303 					
2022	1	11	13 	15316 					
2022	1	12	0 	15316 					
2022	1	12	23 	15339 					
2022	1	14	0 	15339 					
2022	1	14	26 	15365 					
2022	1	19	0 	15365 					
2022	1	19	20 	15385 					
2022	1	26	0 	15385 					
2022	1	26	39 	15425 					
2022	1	27	0 	15425 					
2022	1	27	21 	15446 					
2022	2	4	0 	15446 					
2022	2	4	11 	15457 					
2022	2	7	0 	15457 					
2022	2	7	16 	15473 					
2022	2	8	0 	15473 					
2022	2	8	29 	15502 					
2022	2	10	0 	15502 					
2022	2	10	12 	15514 					
2022	2	15	0 	15514 					
2022	2	15	10 	15524 					
2022	2	16	0 	15524 					
2022	2	16	25 	15549 					
2022	2	17	0 	15549 					
2022	2	17	22 	15571 					
2022	2	18	0 	15571 					
2022	2	18	20 	15591 					
2022	2	21	0 	15591 					
2022	2	21	11 	15602 					
2022	2	21	0 	15602 					
2022	2	21	11 	15612 					
2022	2	22	0 	15612 					
2022	2	22	26 	15638 					
2022	2	23	0 	15638 					
2022	2	23	22 	15660 					
2022	3	2	0 	15660 					
2022	3	2	19 	15679 					
2022	3	4	0 	15679 					
2022	3	4	18 	15697 					
2022	3	9	0 	15697 					
2022	3	9	19 	15716 					
2022	3	10	0 	15716 					
2022	3	10	22 	15737 					
2022	3	14	0 	15737 					
2022	3	14	33 	15770 					
2022	3	14	0 	15770 					
2022	3	14	23 	15793 					
2022	3	15	0 	15793 					
2022	3	15	-58 	15735 					
2022	3	16	0 	15735 					
2022	3	16	-245 	15491 					
2022	3	17	0 	15491 					
2022	3	17	23 	15513 					
2022	3	18	0 	15513 					
2022	3	18	21 	15535 					
2022	3	18	0 	15535 					
2022	3	18	17 	15551 					
2022	3	22	0 	15551 					
2022	3	22	23 	15574 					
2022	3	23	0 	15574 					
2022	3	23	-130 	15445 					
2022	3	23	0 	15445 					
2022	3	23	23 	15468 					
2022	3	24	0 	15468 					
2022	3	24	27 	15495 					
2022	3	28	0 	15495 					
2022	3	28	26 	15520 					
2022	4	1	0 	15520 					
2022	4	1	16 	15537 					
2022	4	5	0 	15537 					
2022	4	5	28 	15565 					
2022	4	12	0 	15565 					
2022	4	12	24 	15589 					
2022	4	14	0 	15589 					
2022	4	14	15 	15604 					
2022	4	19	0 	15604 					
2022	4	19	25 	15630 					
2022	4	19	0 	15630 					
2022	4	19	13 	15643 					
2022	4	22	0 	15643 					
2022	4	22	30 	15673 					
2022	4	22	0 	15673 					
2022	4	22	21 	15694 					
2022	4	25	0 	15694 					
2022	4	25	21 	15715 					
2022	4	25	0 	15715 					
2022	4	25	26 	15741 					
2022	4	26	0 	15741 					
2022	4	26	19 	15760 					
2022	4	28	0 	15760 					
2022	4	28	28 	15789 					
2022	4	28	0 	15789 					
2022	4	28	-128 	15660 					
2022	5	2	0 	15660 					
2022	5	2	41 	15702 					
2022	5	4	0 	15702 					
2022	5	4	25 	15727 					
2022	5	5	0 	15727 					
2022	5	5	52 	15780 					
2022	5	9	0 	15780 					
2022	5	9	-145 	15634 					
2022	5	10	0 	15634 					
2022	5	10	28 	15662 					
2022	5	11	0 	15662 					
2022	5	11	27 	15689 					
2022	5	12	0 	15689 					
2022	5	12	37 	15726 					
2022	5	13	0 	15726 					
2022	5	13	27 	15753 					
2022	5	18	0 	15753 					
2022	5	18	26 	15779 					
2022	5	20	0 	15779 					
2022	5	20	26 	15805 					
2022	5	23	0 	15805 					
2022	5	23	13 	15818 					
2022	5	26	0 	15818 					
2022	5	26	12 	15830 					
2022	5	30	0 	15830 					
2022	5	30	27 	15857 					
2022	6	2	0 	15857 					
2022	6	2	13 	15870 					
2022	6	6	0 	15870 					
2022	6	6	20 	15889 					
2022	6	8	0 	15889 					
2022	6	8	30 	15919 					
2022	6	10	0 	15919 					
2022	6	10	54 	15974 					
2022	6	13	0 	15974 					
2022	6	13	51 	16024 					
2022	6	15	0 	16024 					
2022	6	15	28 	16052 					
2022	6	20	0 	16052 					
2022	6	20	17 	16070 					
2022	6	22	0 	16070 					
2022	6	22	-233 	15837 					
2022	6	22	0 	15837 					
2022	6	22	17 	15854 					
2022	6	23	0 	15854 					
2022	6	23	25 	15879 					
2022	6	27	0 	15879 					
2022	6	27	28 	15907 					
2022	6	28	0 	15907 					
2022	6	28	35 	15942 					
2022	6	28	0 	15942 					
2022	6	28	18 	15960 					
2022	6	30	0 	15960 					
2022	6	30	22 	15981 					
2022	7	1	0 	15981 					
2022	7	1	22 	16004 					
2022	7	5	0 	16004 					
2022	7	5	38 	16042 					
2022	7	6	0 	16042 					
2022	7	6	23 	16065 					
2022	7	7	0 	16065 					
2022	7	7	22 	16087 					
2022	7	8	0 	16087 					
2022	7	8	17 	16104 					
2022	7	11	0 	16104 					
2022	7	11	30 	16134 					
2022	7	11	0 	16134 					
2022	7	11	17 	16152 					
2022	7	12	0 	16152 					
2022	7	12	17 	16169 					
2022	7	14	0 	16169 					
2022	7	14	29 	16198 					
2022	7	18	0 	16198 					
2022	7	18	19 	16218 					
2022	7	18	0 	16218 					
2022	7	18	27 	16245 					
2022	7	21	0 	16245 					
2022	7	21	23 	16268 					
2022	7	21	0 	16268 					
2022	7	21	19 	16287 					
2022	7	22	0 	16287 					
2022	7	22	-95 	16192 					
2022	7	26	0 	16192 					
2022	7	26	17 	16209 					
2022	7	27	0 	16209 					
2022	7	27	10 	16219 					
2022	7	29	0 	16219 					
2022	7	29	-111 	16108 					
2022	8	1	0 	16108 					
2022	8	1	27 	16135 					
2022	8	2	0 	16135 					
2022	8	2	19 	16154 					
2022	8	4	0 	16154 					
2022	8	4	18 	16172 					
2022	8	9	0 	16172 					
2022	8	9	16 	16188 					
2022	8	15	0 	16188 					
2022	8	15	18 	16206 					
2022	8	17	0 	16206 					
2022	8	17	24 	16231 					
2022	8	19	0 	16231 					
2022	8	19	22 	16252 					
2022	8	22	0 	16252 					
2022	8	22	29 	16282 					
2022	8	23	0 	16282 					
2022	8	23	17 	16299 					
2022	8	24	0 	16299 					
2022	8	24	21 	16320 					
2022	8	26	0 	16320 					
2022	8	26	19 	16338 					
2022	8	29	0 	16338 					
2022	8	29	15 	16354 					
2022	8	30	0 	16354 					
2022	8	30	20 	16374 					
2022	9	1	0 	16374 					
2022	9	1	23 	16397 					
2022	9	2	0 	16397 					
2022	9	2	-123 	16274 					
2022	9	2	0 	16274 					
2022	9	2	26 	16300 					
2022	9	5	0 	16300 					
2022	9	5	31 	16331 					
2022	9	6	0 	16331 					
2022	9	6	40 	16371 					
2022	9	9	0 	16371 					
2022	9	9	14 	16385 					
2022	9	12	0 	16385 					
2022	9	12	-46 	16339 					
2022	9	13	0 	16339 					
2022	9	13	28 	16367 					
2022	9	13	0 	16367 					
2022	9	13	23 	16390 					
2022	9	16	0 	16390 					
2022	9	16	26 	16417 					
2022	9	19	0 	16417 					
2022	9	19	19 	16436 					
2022	9	21	0 	16436 					
2022	9	21	28 	16463 					
2022	9	23	0 	16463 					
2022	9	23	22 	16485 					
2022	9	26	0 	16485 					
2022	9	26	21 	16506 					
2022	9	30	0 	16506 					
2022	9	30	33 	16539 					
2022	10	3	0 	16539 					
2022	10	3	39 	16578 					
2022	10	4	0 	16578 					
2022	10	4	25 	16603 					
2022	10	10	0 	16603 					
2022	10	10	18 	16621 					
2022	10	13	0 	16621 					
2022	10	13	26 	16647 					
2022	10	17	0 	16647 					
2022	10	17	19 	16665 					
2022	10	18	0 	16665 					
2022	10	18	-157 	16509 					
2022	10	18	0 	16509 					
2022	10	18	26 	16534 					
2022	10	24	0 	16534 					
2022	10	24	31 	16565 					
2022	10	26	0 	16565 					
2022	10	26	-190 	16375 					
2022	10	31	0 	16375 					
2022	10	31	93 	16468 					
2022	10	31	0 	16468 					
2022	10	31	14 	16482 					
2022	11	4	0 	16482 					
2022	11	4	69 	16551 					
2022	11	7	0 	16551 					
2022	11	7	42 	16593 					
2022	11	8	0 	16593 					
2022	11	8	-257 	16336 					
2022	11	10	0 	16336 					
2022	11	10	52 	16388 					
2022	11	16	0 	16388 					
2022	11	16	23 	16412 					
2022	11	18	0 	16412 					
2022	11	18	-237 	16175 					
2022	11	21	0 	16175 					
2022	11	21	-230 	15945 					
2022	11	24	0 	15945 					
2022	11	24	69 	16014 					
2022	11	25	0 	16014 					
2022	11	25	25 	16039 					
2022	11	25	0 	16039 					
2022	11	25	-61 	15978 					
2022	11	29	0 	15978 					
2022	11	29	29 	16007 					
2022	12	1	0 	16007 					
2022	12	1	27 	16034 					
2022	12	5	0 	16034 					
2022	12	5	33 	16067 					
2022	12	12	0 	16067 					
2022	12	12	-211 	15856 					
2022	12	13	0 	15856 					
2022	12	13	31 	15887 					
2022	12	14	0 	15887 					
2022	12	14	38 	15925 					
2022	12	15	0 	15925 					
2022	12	15	65 	15990 					
2022	12	20	0 	15990 					
2022	12	20	43 	16032 					
2022	12	23	0 	16032 					
2022	12	23	30 	16063 					
2022	12	26	0 	16063 					
2022	12	26	36 	16099 					
2023	1	2	0 	16099 					
2023	1	2	38 	16137 					
2023	1	5	0 	16137 					
2023	1	5	22 	16160 					
2023	1	9	0 	16160 					
2023	1	9	22 	16182 					
2023	1	12	0 	16182 					
2023	1	12	28 	16210 					
2023	1	13	0 	16210 					
2023	1	13	43 	16253 					
2023	1	16	0 	16253 					
2023	1	16	28 	16281 					
2023	1	16	0 	16281 					
2023	1	16	28 	16309 					
2023	1	17	0 	16309 					
2023	1	17	18 	16327 					
2023	1	25	0 	16327 					
2023	1	25	30 	16357 					
2023	1	27	0 	16357 					
2023	1	27	24 	16381 					
2023	2	1	0 	16381 					
2023	2	1	18 	16399 					
2023	2	1	0 	16399 					
2023	2	1	35 	16435 					
2023	2	9	0 	16435 					
2023	2	9	23 	16458 					
2023	2	13	0 	16458 					
2023	2	13	26 	16483 					
2023	2	15	0 	16483 					
2023	2	15	16 	16499 					
2023	2	15	0 	16499 					
2023	2	15	-95 	16403 					
2023	2	16	0 	16403 					
2023	2	16	26 	16429 					
2023	2	16	0 	16429 					
2023	2	16	12 	16441 					
2023	2	22	0 	16441 					
2023	2	22	43 	16484 					
2023	2	23	0 	16484 					
2023	2	23	-143 	16341 					
2023	2	24	0 	16341 					
2023	2	24	19 	16360 					
2023	3	6	0 	16360 					
2023	3	6	24 	16384 					
2023	3	8	0 	16384 					
2023	3	8	29 	16413 					
2023	3	10	0 	16413 					
2023	3	10	-29 	16384 					
2023	3	15	0 	16384 					
2023	3	15	34 	16419 					
2023	3	15	0 	16419 					
2023	3	15	32 	16450 					
2023	3	16	0 	16450 					
2023	3	16	18 	16468 					
2023	3	17	0 	16468 					
2023	3	17	-56 	16412 					
2023	3	22	0 	16412 					
2023	3	22	22 	16433 					
2023	3	23	0 	16433 					
2023	3	23	27 	16460 					
2023	3	24	0 	16460 					
2023	3	24	24 	16484 					
2023	3	28	0 	16484 					
2023	3	28	15 	16499 					
2023	3	29	0 	16499 					
2023	3	29	23 	16522 					
2023	3	30	0 	16522 					
2023	3	30	36 	16558 					
2023	3	31	0 	16558 					
2023	3	31	28 	16585 					
2023	4	3	0 	16585 					
2023	4	3	25 	16610 					
2023	4	5	0 	16610 					
2023	4	5	-111 	16500 					
2023	4	11	0 	16500 					
2023	4	11	26 	16525 					
2023	4	11	0 	16525 					
2023	4	11	21 	16546 					
2023	4	12	0 	16546 					
2023	4	12	38 	16584 					
2023	4	25	0 	16584 					
2023	4	25	26 	16610 					
2023	4	28	0 	16610 					
2023	4	28	12 	16622 					
2023	5	2	0 	16622 					
2023	5	2	31 	16653 					
2023	5	4	0 	16653 					
2023	5	4	-142 	16511 					
2023	5	5	0 	16511 					
2023	5	5	27 	16538 					
2023	5	9	0 	16538 					
2023	5	9	17 	16555 					
2023	5	10	0 	16555 					
2023	5	10	18 	16573 					
2023	5	11	0 	16573 					
2023	5	11	41 	16614 					
2023	5	17	0 	16614 					
2023	5	17	41 	16655 					
2023	5	23	0 	16655 					
2023	5	23	18 	16673 					
2023	5	23	0 	16673 					
2023	5	23	1 	16674 					
2023	5	24	0 	16674 					
2023	5	24	36 	16710 					
2023	5	26	0 	16710 					
2023	5	26	-134 	16576 					
2023	5	26	0 	16576 					
2023	5	26	-31 	16545 					
2023	5	30	0 	16545 					
2023	5	30	15 	16560 					
2023	6	1	0 	16560 					
2023	6	1	18 	16577 					
2023	6	2	0 	16577 					
2023	6	2	31 	16608 					
2023	6	2	0 	16608 					
2023	6	2	-92 	16517 					
2023	6	6	0 	16517 					
2023	6	6	19 	16536 					
2023	6	9	0 	16536 					
2023	6	9	16 	16551 					
2023	6	14	0 	16551 					
2023	6	14	21 	16572 					
2023	6	19	0 	16572 					
2023	6	19	12 	16584 					
2023	6	20	0 	16584 					
2023	6	20	12 	16597 					
2023	6	21	0 	16597 					
2023	6	21	14 	16611 					
2023	6	21	0 	16611 					
2023	6	21	16 	16626 					
2023	6	22	0 	16626 					
2023	6	22	27 	16654 					
2023	6	27	0 	16654 					
2023	6	27	-127 	16527 					
2023	6	29	0 	16527 					
2023	6	29	15 	16542 					
2023	7	3	0 	16542 					
2023	7	3	16 	16558 					
2023	7	4	0 	16558 					
2023	7	4	20 	16578 					
2023	7	5	0 	16578 					
2023	7	5	-39 	16539 					
2023	7	6	0 	16539 					
2023	7	6	19 	16558 					
2023	7	7	0 	16558 					
2023	7	7	13 	16570 					
2023	7	11	0 	16570 					
2023	7	11	13 	16583 					
2023	7	12	0 	16583 					
2023	7	12	25 	16608 					
2023	7	12	0 	16608 					
2023	7	12	21 	16629 					
2023	7	13	0 	16629 					
2023	7	13	20 	16650 					
2023	7	14	0 	16650 					
2023	7	14	16 	16665 					
2023	7	19	0 	16665 					
2023	7	19	-117 	16549 					
2023	7	21	0 	16549 					
2023	7	21	17 	16566 					
2023	7	24	0 	16566 					
2023	7	24	19 	16585 					
2023	7	27	0 	16585 					
2023	7	27	32 	16617 					
2023	7	31	0 	16617 					
2023	7	31	13 	16630 					
2023	8	4	0 	16630 					
2023	8	4	-121 	16509 					
2023	8	4	0 	16509 					
2023	8	4	23 	16532 					
2023	8	8	0 	16532 					
2023	8	8	13 	16545 					
2023	8	11	0 	16545 					
2023	8	11	18 	16563 					
2023	8	14	0 	16563 					
2023	8	14	13 	16576 					
2023	8	17	0 	16576 					
2023	8	17	19 	16595 					
2023	8	18	0 	16595 					
2023	8	18	-66 	16528 					
2023	8	22	0 	16528 					
2023	8	22	27 	16556 					
2023	8	22	0 	16556 					
2023	8	22	16 	16572 					
2023	8	23	0 	16572 					
2023	8	23	10 	16581 					
2023	8	25	0 	16581 					
2023	8	25	19 	16600 					
2023	8	31	0 	16600 					
2023	8	31	27 	16627 					
2023	9	1	0 	16627 					
2023	9	1	25 	16652 					
2023	9	6	0 	16652 					
2023	9	6	12 	16664 					
2023	9	6	0 	16664 					
2023	9	6	11 	16675 					
2023	9	11	0 	16675 					
2023	9	11	13 	16688 					
2023	9	12	0 	16688 					
2023	9	12	11 	16698 					
2023	9	13	0 	16698 					
2023	9	13	20 	16719 					
2023	9	20	0 	16719 					
2023	9	20	12 	16731 					
2023	9	21	0 	16731 					
2023	9	21	32 	16763 					
2023	9	22	0 	16763 					
2023	9	22	12 	16775 					
2023	9	26	0 	16775 					
2023	9	26	22 	16797 					
2023	9	28	0 	16797 					
2023	9	28	14 	16811 					
